10 99
3 47 7 90 95 1 72 67 44 13 30 71 37 79 62 39 11 16 51 75 97 73 1 90 31 73 70 85 42 86 41 30 12 69 99 21 50 7 7 94 28 9 33 98 44 12 88 53 51 6 90 81 57 17 1 80 16 89 35 76 49 54 46 47 51 68 94 23 68 14 28 28 62 67 22 69 23 79 33 78 46 59 98 52 47 60 69 83 33 10 95 56 94 6 28 87 31 60 41
59 2 67 68 26 19 87 42 72 27 70 85 16 36 43 44 47 2 72 77 24 50 26 78 62 42 3 47 56 53 26 59 94 93 86 53 2 26 33 24 18 5 55 96 14 62 11 24 14 96 79 49 29 92 23 7 77 93 57 99 51 31 52 18 28 47 23 25 73 79 98 2 64 39 42 31 43 87 46 82 3 39 34 21 83 42 85 75 2 20 8 37 60 40 36 11 68 29 77
91 3 79 33 29 57 30 77 72 17 32 40 89 31 85 17 38 26 89 74 82 53 65 95 79 15 54 66 85 94 30 54 79 77 49 14 84 14 82 10 33 63 72 58 46 68 52 72 86 19 72 28 11 53 56 31 11 80 5 96 22 23 40 76 37 37 10 30 37 58 35 10 9 40 99 42 44 26 77 42 63 48 71 66 71 94 39 8 76 71 73 4 39 51 66 52 34 56 49
11 49 42 53 97 48 26 66 42 12 77 68 72 8 70 55 61 14 13 1 62 98 37 51 97 35 57 87 29 52 15 86 67 55 41 7 67 10 80 20 38 54 15 9 78 9 30 63 84 35 62 42 21 6 52 3 52 91 77 57 69 25 52 54 22 81 64 23 35 39 86 34 84 85 99 84 20 99 18 43 63 87 68 77 92 42 65 32 31 79 44 14 90 76 49 29 63 12 98
63 75 32 64 31 62 66 51 53 46 12 56 88 46 14 24 84 64 16 89 42 60 30 2 16 1 45 64 89 77 75 24 21 29 8 73 87 87 17 11 24 95 18 14 70 54 35 61 73 29 82 18 69 95 5 18 77 49 72 55 68 15 83 94 3 1 87 79 39 76 26 16 1 64 91 74 12 65 19 71 73 11 34 42 6 26 16 97 10 48 21 12 82 74 44 3 86 41 16
5 30 87 72 41 75 89 5 10 26 6 17 8 24 37 15 99 81 55 63 62 51 24 53 17 42 76 78 63 2 95 2 95 97 94 63 55 40 78 79 56 80 66 83 61 38 8 78 67 97 49 21 66 24 90 35 16 68 56 44 67 79 96 42 37 95 93 33 58 34 26 25 67 31 71 55 97 71 92 89 48 66 41 26 4 73 10 14 71 25 38 34 23 41 92 5 67 20 6
76 49 22 26 32 42 39 80 33 50 59 45 66 76 61 89 40 57 61 8 72 25 84 95 86 2 56 31 32 93 17 59 84 41 16 98 66 11 91 33 50 28 22 91 3 45 53 23 37 92 90 35 80 89 49 74 38 16 32 21 10 19 41 43 59 61 61 34 21 17 59 91 54 0 20 17 2 37 74 99 21 86 39 88 55 57 89 3 6 83 8 69 31 2 41 10 87 41 19
58 4 64 84 52 21 41 84 16 18 74 17 83 2 15 19 11 59 32 24 91 88 88 62 96 75 40 52 17 44 83 18 29 83 79 17 38 94 60 56 52 75 42 93 1 45 62 67 76 86 22 85 84 50 42 60 54 14 86 23 87 52 92 64 88 46 20 46 89 46 73 46 89 38 4 55 24 21 39 24 87 14 19 16 16 96 98 52 94 12 32 33 60 65 15 40 43 25 2
96 12 4 39 92 58 9 52 6 56 72 87 16 99 37 35 61 75 48 59 80 50 30 34 6 89 23 81 30 22 13 17 42 83 77 62 44 61 38 13 75 10 59 74 40 81 50 57 41 15 24 34 73 64 75 89 15 1 71 93 53 48 56 29 53 14 69 51 11 80 84 73 96 49 6 75 20 41 30 99 96 26 96 46 63 93 67 19 63 12 41 85 31 23 92 70 8 41 8
94 13 24 18 7 40 1 40 70 36 75 59 28 84 99 50 41 26 41 90 61 38 62 13 73 42 57 64 92 35 25 61 78 10 68 67 35 88 47 14 5 72 98 50 12 20 7 52 31 54 23 16 88 25 96 90 22 7 91 64 75 63 5 57 56 78 42 28 29 39 21 48 61 71 55 68 43 13 25 94 13 91 20 13 58 39 69 37 51 58 8 25 51 68 54 7 31 61 56

